+-----------+------------+------------+---------+-----------+
|  # Epoch  | Train_loss | Model_loss | DA_loss | Lambda_DA |
+-----------+------------+------------+---------+-----------+
|  epoch 1  |   0.4267   |   0.4267   |  0.0000 |   0.0000  |
|  epoch 2  |   0.3009   |   0.3009   |  0.0000 |   0.0000  |
|  epoch 3  |   0.2485   |   0.2485   |  0.0000 |   0.0000  |
|  epoch 4  |   0.2194   |   0.2194   |  0.0000 |   0.0000  |
|  epoch 5  |   0.1970   |   0.1970   |  0.0000 |   0.0000  |
|  epoch 6  |   0.1816   |   0.1816   |  0.0000 |   0.0000  |
|  epoch 7  |   0.1674   |   0.1674   |  0.0000 |   0.0000  |
|  epoch 8  |   0.1522   |   0.1522   |  0.0000 |   0.0000  |
|  epoch 9  |   0.1402   |   0.1402   |  0.0000 |   0.0000  |
|  epoch 10 |   1.5387   |   0.1848   |  1.3539 |   1.0000  |
|  epoch 11 |   1.5413   |   0.1666   |  1.3747 |   1.0000  |
|  epoch 12 |   1.5199   |   0.1513   |  1.3686 |   1.0000  |
|  epoch 13 |   1.4973   |   0.1342   |  1.3631 |   1.0000  |
|  epoch 14 |   1.4875   |   0.1373   |  1.3503 |   1.0000  |
|  epoch 15 |   1.5313   |   0.1324   |  1.3989 |   1.0000  |
|  epoch 16 |   1.5001   |   0.1136   |  1.3865 |   1.0000  |
|  epoch 17 |   1.4739   |   0.1061   |  1.3678 |   1.0000  |
|  epoch 18 |   1.4806   |   0.1016   |  1.3790 |   1.0000  |
|  epoch 19 |   1.4575   |   0.0928   |  1.3647 |   1.0000  |
|  epoch 20 |   1.4225   |   0.1028   |  1.3197 |   1.0000  |
|  epoch 21 |   1.4499   |   0.1060   |  1.3438 |   1.0000  |
|  epoch 22 |   1.4354   |   0.0961   |  1.3393 |   1.0000  |
|  epoch 23 |   1.4226   |   0.0962   |  1.3265 |   1.0000  |
|  epoch 24 |   1.4659   |   0.1026   |  1.3634 |   1.0000  |
|  epoch 25 |   1.4490   |   0.0929   |  1.3561 |   1.0000  |
|  epoch 26 |   1.4677   |   0.0941   |  1.3736 |   1.0000  |
|  epoch 27 |   1.4659   |   0.0868   |  1.3791 |   1.0000  |
|  epoch 28 |   1.4677   |   0.0831   |  1.3845 |   1.0000  |
|  epoch 29 |   1.4558   |   0.0681   |  1.3877 |   1.0000  |
|  epoch 30 |   1.4577   |   0.0665   |  1.3912 |   1.0000  |
|  epoch 31 |   1.4453   |   0.0621   |  1.3832 |   1.0000  |
|  epoch 32 |   1.4267   |   0.0560   |  1.3707 |   1.0000  |
|  epoch 33 |   1.4344   |   0.0686   |  1.3658 |   1.0000  |
|  epoch 34 |   1.4227   |   0.0588   |  1.3639 |   1.0000  |
|  epoch 35 |   1.4099   |   0.0599   |  1.3501 |   1.0000  |
|  epoch 36 |   1.4194   |   0.0578   |  1.3615 |   1.0000  |
|  epoch 37 |   1.4085   |   0.0559   |  1.3525 |   1.0000  |
|  epoch 38 |   1.4443   |   0.0653   |  1.3790 |   1.0000  |
|  epoch 39 |   1.4075   |   0.0578   |  1.3497 |   1.0000  |
|  epoch 40 |   1.4479   |   0.0653   |  1.3826 |   1.0000  |
|  epoch 41 |   1.4497   |   0.0691   |  1.3806 |   1.0000  |
|  epoch 42 |   1.4173   |   0.0572   |  1.3602 |   1.0000  |
|  epoch 43 |   1.3639   |   0.0515   |  1.3124 |   1.0000  |
|  epoch 44 |   1.3530   |   0.0602   |  1.2928 |   1.0000  |
|  epoch 45 |   1.2572   |   0.0673   |  1.1899 |   1.0000  |
|  epoch 46 |   1.2708   |   0.0659   |  1.2049 |   1.0000  |
|  epoch 47 |   1.3455   |   0.0856   |  1.2599 |   1.0000  |
|  epoch 48 |   1.2870   |   0.0979   |  1.1891 |   1.0000  |
|  epoch 49 |   1.3605   |   0.0961   |  1.2644 |   1.0000  |
|  epoch 50 |   1.3681   |   0.1110   |  1.2570 |   1.0000  |
|  epoch 51 |   1.3228   |   0.1094   |  1.2134 |   1.0000  |
|  epoch 52 |   1.3727   |   0.1163   |  1.2564 |   1.0000  |
|  epoch 53 |   1.3332   |   0.1242   |  1.2090 |   1.0000  |
|  epoch 54 |   1.3841   |   0.1156   |  1.2685 |   1.0000  |
|  epoch 55 |   1.3231   |   0.1206   |  1.2025 |   1.0000  |
|  epoch 56 |   1.2759   |   0.1200   |  1.1559 |   1.0000  |
|  epoch 57 |   1.2810   |   0.1241   |  1.1569 |   1.0000  |
|  epoch 58 |   1.3431   |   0.1330   |  1.2101 |   1.0000  |
|  epoch 59 |   1.2568   |   0.1267   |  1.1301 |   1.0000  |
|  epoch 60 |   1.4120   |   0.1421   |  1.2699 |   1.0000  |
|  epoch 61 |   1.4084   |   0.1535   |  1.2549 |   1.0000  |
|  epoch 62 |   1.3637   |   0.1391   |  1.2246 |   1.0000  |
|  epoch 63 |   1.3733   |   0.1395   |  1.2338 |   1.0000  |
|  epoch 64 |   1.4427   |   0.1409   |  1.3019 |   1.0000  |
|  epoch 65 |   1.3373   |   0.1254   |  1.2120 |   1.0000  |
|  epoch 66 |   1.3937   |   0.1472   |  1.2465 |   1.0000  |
|  epoch 67 |   1.3804   |   0.1458   |  1.2346 |   1.0000  |
|  epoch 68 |   1.4351   |   0.1563   |  1.2789 |   1.0000  |
|  epoch 69 |   1.3456   |   0.1539   |  1.1917 |   1.0000  |
|  epoch 70 |   1.4096   |   0.1623   |  1.2473 |   1.0000  |
|  epoch 71 |   1.4350   |   0.1504   |  1.2847 |   1.0000  |
|  epoch 72 |   1.4243   |   0.1539   |  1.2704 |   1.0000  |
|  epoch 73 |   1.4148   |   0.1527   |  1.2621 |   1.0000  |
|  epoch 74 |   1.4054   |   0.1617   |  1.2437 |   1.0000  |
|  epoch 75 |   1.4430   |   0.1524   |  1.2906 |   1.0000  |
|  epoch 76 |   1.3209   |   0.1586   |  1.1622 |   1.0000  |
|  epoch 77 |   1.3718   |   0.1725   |  1.1992 |   1.0000  |
|  epoch 78 |   1.3138   |   0.1759   |  1.1380 |   1.0000  |
|  epoch 79 |   1.3785   |   0.1957   |  1.1828 |   1.0000  |
|  epoch 80 |   1.3914   |   0.2047   |  1.1867 |   1.0000  |
|  epoch 81 |   1.4258   |   0.2132   |  1.2126 |   1.0000  |
|  epoch 82 |   1.3563   |   0.1994   |  1.1569 |   1.0000  |
|  epoch 83 |   1.4019   |   0.2031   |  1.1988 |   1.0000  |
|  epoch 84 |   1.4387   |   0.2152   |  1.2236 |   1.0000  |
|  epoch 85 |   1.4284   |   0.2185   |  1.2099 |   1.0000  |
|  epoch 86 |   1.4635   |   0.2018   |  1.2618 |   1.0000  |
|  epoch 87 |   1.4656   |   0.1986   |  1.2670 |   1.0000  |
|  epoch 88 |   1.3409   |   0.2030   |  1.1379 |   1.0000  |
|  epoch 89 |   1.4918   |   0.1871   |  1.3047 |   1.0000  |
|  epoch 90 |   1.3490   |   0.1985   |  1.1506 |   1.0000  |
|  epoch 91 |   1.4517   |   0.2142   |  1.2375 |   1.0000  |
|  epoch 92 |   1.3839   |   0.2060   |  1.1779 |   1.0000  |
|  epoch 93 |   1.3974   |   0.2158   |  1.1816 |   1.0000  |
|  epoch 94 |   1.4255   |   0.2113   |  1.2142 |   1.0000  |
|  epoch 95 |   1.3981   |   0.2194   |  1.1787 |   1.0000  |
|  epoch 96 |   1.4540   |   0.2276   |  1.2264 |   1.0000  |
|  epoch 97 |   1.5841   |   0.2209   |  1.3632 |   1.0000  |
|  epoch 98 |   1.4649   |   0.2238   |  1.2411 |   1.0000  |
|  epoch 99 |   1.4774   |   0.2223   |  1.2551 |   1.0000  |
| epoch 100 |   1.5715   |   0.2149   |  1.3566 |   1.0000  |
+-----------+------------+------------+---------+-----------+