+-----------+------------+------------+---------+-----------+
|  # Epoch  | Train_loss | Model_loss | DA_loss | Lambda_DA |
+-----------+------------+------------+---------+-----------+
|  epoch 1  |   0.4138   |   0.4138   |  0.0000 |   0.0000  |
|  epoch 2  |   0.2955   |   0.2955   |  0.0000 |   0.0000  |
|  epoch 3  |   0.2453   |   0.2453   |  0.0000 |   0.0000  |
|  epoch 4  |   0.2154   |   0.2154   |  0.0000 |   0.0000  |
|  epoch 5  |   0.1959   |   0.1959   |  0.0000 |   0.0000  |
|  epoch 6  |   0.1814   |   0.1814   |  0.0000 |   0.0000  |
|  epoch 7  |   0.1644   |   0.1644   |  0.0000 |   0.0000  |
|  epoch 8  |   0.1519   |   0.1519   |  0.0000 |   0.0000  |
|  epoch 9  |   0.1363   |   0.1363   |  0.0000 |   0.0000  |
|  epoch 10 |   1.5390   |   0.1764   |  1.3626 |   1.0000  |
|  epoch 11 |   1.5278   |   0.1557   |  1.3721 |   1.0000  |
|  epoch 12 |   1.4985   |   0.1373   |  1.3612 |   1.0000  |
|  epoch 13 |   1.5251   |   0.1421   |  1.3830 |   1.0000  |
|  epoch 14 |   1.4957   |   0.1244   |  1.3713 |   1.0000  |
|  epoch 15 |   1.4648   |   0.1141   |  1.3507 |   1.0000  |
|  epoch 16 |   1.4503   |   0.1126   |  1.3377 |   1.0000  |
|  epoch 17 |   1.4362   |   0.1213   |  1.3149 |   1.0000  |
|  epoch 18 |   1.4601   |   0.1250   |  1.3351 |   1.0000  |
|  epoch 19 |   1.4496   |   0.1165   |  1.3332 |   1.0000  |
|  epoch 20 |   1.4551   |   0.1099   |  1.3452 |   1.0000  |
|  epoch 21 |   1.4602   |   0.1159   |  1.3443 |   1.0000  |
|  epoch 22 |   1.4927   |   0.1182   |  1.3745 |   1.0000  |
|  epoch 23 |   1.4780   |   0.0875   |  1.3904 |   1.0000  |
|  epoch 24 |   1.4486   |   0.0820   |  1.3666 |   1.0000  |
|  epoch 25 |   1.4245   |   0.0866   |  1.3378 |   1.0000  |
|  epoch 26 |   1.4520   |   0.0857   |  1.3663 |   1.0000  |
|  epoch 27 |   1.4415   |   0.0767   |  1.3648 |   1.0000  |
|  epoch 28 |   1.4370   |   0.0842   |  1.3528 |   1.0000  |
|  epoch 29 |   1.4449   |   0.0815   |  1.3634 |   1.0000  |
|  epoch 30 |   1.4421   |   0.0682   |  1.3738 |   1.0000  |
|  epoch 31 |   1.4418   |   0.0669   |  1.3748 |   1.0000  |
|  epoch 32 |   1.4399   |   0.0653   |  1.3745 |   1.0000  |
|  epoch 33 |   1.4204   |   0.0659   |  1.3545 |   1.0000  |
|  epoch 34 |   1.4194   |   0.0626   |  1.3567 |   1.0000  |
|  epoch 35 |   1.4331   |   0.0665   |  1.3666 |   1.0000  |
|  epoch 36 |   1.4269   |   0.0682   |  1.3587 |   1.0000  |
|  epoch 37 |   1.4400   |   0.0596   |  1.3804 |   1.0000  |
|  epoch 38 |   1.4171   |   0.0530   |  1.3641 |   1.0000  |
|  epoch 39 |   1.4190   |   0.0661   |  1.3529 |   1.0000  |
|  epoch 40 |   1.4417   |   0.0750   |  1.3668 |   1.0000  |
|  epoch 41 |   1.3733   |   0.0736   |  1.2997 |   1.0000  |
|  epoch 42 |   1.3450   |   0.0863   |  1.2586 |   1.0000  |
|  epoch 43 |   1.3548   |   0.0925   |  1.2624 |   1.0000  |
|  epoch 44 |   1.3464   |   0.0895   |  1.2569 |   1.0000  |
|  epoch 45 |   1.2783   |   0.0909   |  1.1874 |   1.0000  |
|  epoch 46 |   1.3808   |   0.1048   |  1.2761 |   1.0000  |
|  epoch 47 |   1.3093   |   0.0932   |  1.2161 |   1.0000  |
|  epoch 48 |   1.3261   |   0.0946   |  1.2315 |   1.0000  |
|  epoch 49 |   1.2398   |   0.0979   |  1.1419 |   1.0000  |
|  epoch 50 |   1.1624   |   0.1028   |  1.0595 |   1.0000  |
|  epoch 51 |   1.2120   |   0.1008   |  1.1112 |   1.0000  |
|  epoch 52 |   1.1132   |   0.0949   |  1.0182 |   1.0000  |
|  epoch 53 |   1.3355   |   0.1045   |  1.2310 |   1.0000  |
|  epoch 54 |   1.1235   |   0.0878   |  1.0356 |   1.0000  |
|  epoch 55 |   1.2003   |   0.0982   |  1.1021 |   1.0000  |
|  epoch 56 |   1.1480   |   0.1039   |  1.0441 |   1.0000  |
|  epoch 57 |   1.2330   |   0.1029   |  1.1300 |   1.0000  |
|  epoch 58 |   1.2851   |   0.1038   |  1.1813 |   1.0000  |
|  epoch 59 |   1.2553   |   0.1041   |  1.1512 |   1.0000  |
|  epoch 60 |   1.1627   |   0.0959   |  1.0669 |   1.0000  |
|  epoch 61 |   1.0469   |   0.1081   |  0.9388 |   1.0000  |
|  epoch 62 |   1.2085   |   0.1094   |  1.0990 |   1.0000  |
|  epoch 63 |   1.1165   |   0.1278   |  0.9887 |   1.0000  |
|  epoch 64 |   1.0079   |   0.1271   |  0.8807 |   1.0000  |
|  epoch 65 |   1.0173   |   0.1310   |  0.8863 |   1.0000  |
|  epoch 66 |   1.0367   |   0.1469   |  0.8899 |   1.0000  |
|  epoch 67 |   0.9470   |   0.1305   |  0.8165 |   1.0000  |
|  epoch 68 |   1.1208   |   0.1432   |  0.9776 |   1.0000  |
|  epoch 69 |   1.5267   |   0.1562   |  1.3705 |   1.0000  |
|  epoch 70 |   1.4387   |   0.1509   |  1.2878 |   1.0000  |
|  epoch 71 |   1.3048   |   0.1480   |  1.1568 |   1.0000  |
|  epoch 72 |   1.3247   |   0.1768   |  1.1479 |   1.0000  |
|  epoch 73 |   1.3584   |   0.1641   |  1.1943 |   1.0000  |
|  epoch 74 |   1.4216   |   0.1853   |  1.2362 |   1.0000  |
|  epoch 75 |   1.3761   |   0.1762   |  1.1999 |   1.0000  |
|  epoch 76 |   1.3659   |   0.1937   |  1.1722 |   1.0000  |
|  epoch 77 |   1.1605   |   0.1547   |  1.0058 |   1.0000  |
|  epoch 78 |   1.2096   |   0.1751   |  1.0345 |   1.0000  |
|  epoch 79 |   1.2940   |   0.1821   |  1.1120 |   1.0000  |
|  epoch 80 |   1.3525   |   0.1961   |  1.1564 |   1.0000  |
|  epoch 81 |   1.4035   |   0.2020   |  1.2014 |   1.0000  |
|  epoch 82 |   1.2956   |   0.1774   |  1.1182 |   1.0000  |
|  epoch 83 |   1.3606   |   0.2089   |  1.1517 |   1.0000  |
|  epoch 84 |   1.1388   |   0.1759   |  0.9629 |   1.0000  |
|  epoch 85 |   1.0896   |   0.1716   |  0.9179 |   1.0000  |
|  epoch 86 |   1.0414   |   0.1744   |  0.8669 |   1.0000  |
|  epoch 87 |   1.0734   |   0.1678   |  0.9056 |   1.0000  |
|  epoch 88 |   1.1595   |   0.1876   |  0.9719 |   1.0000  |
|  epoch 89 |   0.9750   |   0.1680   |  0.8070 |   1.0000  |
|  epoch 90 |   1.1918   |   0.1918   |  1.0000 |   1.0000  |
|  epoch 91 |   1.3610   |   0.2136   |  1.1475 |   1.0000  |
|  epoch 92 |   1.1020   |   0.1951   |  0.9069 |   1.0000  |
|  epoch 93 |   1.2918   |   0.2160   |  1.0758 |   1.0000  |
|  epoch 94 |   1.2266   |   0.2106   |  1.0160 |   1.0000  |
|  epoch 95 |   1.1337   |   0.1987   |  0.9350 |   1.0000  |
|  epoch 96 |   1.2894   |   0.2005   |  1.0889 |   1.0000  |
|  epoch 97 |   1.4044   |   0.2126   |  1.1918 |   1.0000  |
|  epoch 98 |   1.3412   |   0.2276   |  1.1135 |   1.0000  |
|  epoch 99 |   1.1551   |   0.2109   |  0.9441 |   1.0000  |
| epoch 100 |   1.1772   |   0.2137   |  0.9635 |   1.0000  |
+-----------+------------+------------+---------+-----------+