+-----------+------------+------------+---------+-----------+
|  # Epoch  | Train_loss | Model_loss | DA_loss | Lambda_DA |
+-----------+------------+------------+---------+-----------+
|  epoch 1  |   0.4138   |   0.4138   |  0.0000 |   0.0000  |
|  epoch 2  |   0.2916   |   0.2916   |  0.0000 |   0.0000  |
|  epoch 3  |   0.2452   |   0.2452   |  0.0000 |   0.0000  |
|  epoch 4  |   0.2164   |   0.2164   |  0.0000 |   0.0000  |
|  epoch 5  |   0.1973   |   0.1973   |  0.0000 |   0.0000  |
|  epoch 6  |   0.1819   |   0.1819   |  0.0000 |   0.0000  |
|  epoch 7  |   0.1643   |   0.1643   |  0.0000 |   0.0000  |
|  epoch 8  |   0.1510   |   0.1510   |  0.0000 |   0.0000  |
|  epoch 9  |   0.1350   |   0.1350   |  0.0000 |   0.0000  |
|  epoch 10 |   1.5461   |   0.1941   |  1.3520 |   1.0000  |
|  epoch 11 |   1.5430   |   0.1640   |  1.3790 |   1.0000  |
|  epoch 12 |   1.5097   |   0.1507   |  1.3590 |   1.0000  |
|  epoch 13 |   1.4944   |   0.1251   |  1.3693 |   1.0000  |
|  epoch 14 |   1.4962   |   0.1256   |  1.3706 |   1.0000  |
|  epoch 15 |   1.4961   |   0.1163   |  1.3798 |   1.0000  |
|  epoch 16 |   1.5010   |   0.1195   |  1.3816 |   1.0000  |
|  epoch 17 |   1.4707   |   0.0993   |  1.3714 |   1.0000  |
|  epoch 18 |   1.4301   |   0.0965   |  1.3336 |   1.0000  |
|  epoch 19 |   1.4338   |   0.1035   |  1.3302 |   1.0000  |
|  epoch 20 |   1.4081   |   0.1039   |  1.3043 |   1.0000  |
|  epoch 21 |   1.4192   |   0.1269   |  1.2924 |   1.0000  |
|  epoch 22 |   1.4343   |   0.1226   |  1.3117 |   1.0000  |
|  epoch 23 |   1.4135   |   0.1152   |  1.2983 |   1.0000  |
|  epoch 24 |   1.4386   |   0.1000   |  1.3386 |   1.0000  |
|  epoch 25 |   1.4226   |   0.0948   |  1.3278 |   1.0000  |
|  epoch 26 |   1.4103   |   0.1298   |  1.2805 |   1.0000  |
|  epoch 27 |   1.4349   |   0.1101   |  1.3247 |   1.0000  |
|  epoch 28 |   1.3739   |   0.1084   |  1.2656 |   1.0000  |
|  epoch 29 |   1.4217   |   0.1172   |  1.3045 |   1.0000  |
|  epoch 30 |   1.4912   |   0.1230   |  1.3682 |   1.0000  |
|  epoch 31 |   1.3752   |   0.1132   |  1.2620 |   1.0000  |
|  epoch 32 |   1.2913   |   0.1210   |  1.1703 |   1.0000  |
|  epoch 33 |   1.3071   |   0.1053   |  1.2019 |   1.0000  |
|  epoch 34 |   1.3749   |   0.1038   |  1.2711 |   1.0000  |
|  epoch 35 |   1.3858   |   0.0987   |  1.2870 |   1.0000  |
|  epoch 36 |   1.4026   |   0.1042   |  1.2985 |   1.0000  |
|  epoch 37 |   1.3262   |   0.1120   |  1.2142 |   1.0000  |
|  epoch 38 |   1.2609   |   0.1077   |  1.1532 |   1.0000  |
|  epoch 39 |   1.2496   |   0.1188   |  1.1308 |   1.0000  |
|  epoch 40 |   1.1954   |   0.1105   |  1.0849 |   1.0000  |
|  epoch 41 |   1.2510   |   0.1069   |  1.1441 |   1.0000  |
|  epoch 42 |   1.3506   |   0.1160   |  1.2346 |   1.0000  |
|  epoch 43 |   1.1829   |   0.0957   |  1.0872 |   1.0000  |
|  epoch 44 |   1.1936   |   0.0957   |  1.0978 |   1.0000  |
|  epoch 45 |   1.2381   |   0.0894   |  1.1487 |   1.0000  |
|  epoch 46 |   1.2722   |   0.0961   |  1.1761 |   1.0000  |
|  epoch 47 |   1.4885   |   0.0977   |  1.3908 |   1.0000  |
|  epoch 48 |   1.3162   |   0.0876   |  1.2286 |   1.0000  |
|  epoch 49 |   1.2113   |   0.1038   |  1.1075 |   1.0000  |
|  epoch 50 |   1.1079   |   0.1175   |  0.9904 |   1.0000  |
|  epoch 51 |   1.3066   |   0.1494   |  1.1572 |   1.0000  |
|  epoch 52 |   1.0985   |   0.1233   |  0.9752 |   1.0000  |
|  epoch 53 |   1.2421   |   0.1136   |  1.1285 |   1.0000  |
|  epoch 54 |   1.1306   |   0.1219   |  1.0087 |   1.0000  |
|  epoch 55 |   0.9544   |   0.1084   |  0.8461 |   1.0000  |
|  epoch 56 |   1.2160   |   0.1474   |  1.0685 |   1.0000  |
|  epoch 57 |   1.1811   |   0.1528   |  1.0283 |   1.0000  |
|  epoch 58 |   1.0401   |   0.1318   |  0.9083 |   1.0000  |
|  epoch 59 |   1.1213   |   0.1434   |  0.9779 |   1.0000  |
|  epoch 60 |   1.2785   |   0.1660   |  1.1125 |   1.0000  |
|  epoch 61 |   1.0582   |   0.1391   |  0.9191 |   1.0000  |
|  epoch 62 |   1.1776   |   0.1463   |  1.0313 |   1.0000  |
|  epoch 63 |   1.0483   |   0.1380   |  0.9103 |   1.0000  |
|  epoch 64 |   1.1790   |   0.1607   |  1.0183 |   1.0000  |
|  epoch 65 |   1.0586   |   0.1682   |  0.8904 |   1.0000  |
|  epoch 66 |   1.0944   |   0.1682   |  0.9262 |   1.0000  |
|  epoch 67 |   1.2314   |   0.1898   |  1.0415 |   1.0000  |
|  epoch 68 |   1.1042   |   0.1896   |  0.9146 |   1.0000  |
|  epoch 69 |   1.0888   |   0.1887   |  0.9002 |   1.0000  |
|  epoch 70 |   1.2251   |   0.1869   |  1.0382 |   1.0000  |
|  epoch 71 |   1.1011   |   0.1893   |  0.9118 |   1.0000  |
|  epoch 72 |   1.3107   |   0.2286   |  1.0821 |   1.0000  |
|  epoch 73 |   1.2918   |   0.2243   |  1.0675 |   1.0000  |
|  epoch 74 |   1.3397   |   0.2223   |  1.1173 |   1.0000  |
|  epoch 75 |   1.1133   |   0.2396   |  0.8736 |   1.0000  |
|  epoch 76 |   1.3109   |   0.2227   |  1.0882 |   1.0000  |
|  epoch 77 |   1.4788   |   0.2316   |  1.2471 |   1.0000  |
|  epoch 78 |   1.1714   |   0.1966   |  0.9748 |   1.0000  |
|  epoch 79 |   1.0999   |   0.1899   |  0.9100 |   1.0000  |
|  epoch 80 |   1.1578   |   0.2301   |  0.9277 |   1.0000  |
|  epoch 81 |   1.1006   |   0.2077   |  0.8929 |   1.0000  |
|  epoch 82 |   1.2425   |   0.1799   |  1.0626 |   1.0000  |
|  epoch 83 |   1.0811   |   0.1752   |  0.9059 |   1.0000  |
|  epoch 84 |   0.8969   |   0.1776   |  0.7193 |   1.0000  |
|  epoch 85 |   1.0577   |   0.1785   |  0.8791 |   1.0000  |
|  epoch 86 |   1.2067   |   0.1931   |  1.0136 |   1.0000  |
|  epoch 87 |   1.2088   |   0.1949   |  1.0139 |   1.0000  |
|  epoch 88 |   1.0765   |   0.1942   |  0.8823 |   1.0000  |
|  epoch 89 |   0.9610   |   0.1847   |  0.7764 |   1.0000  |
|  epoch 90 |   1.1774   |   0.1839   |  0.9935 |   1.0000  |
|  epoch 91 |   1.0575   |   0.1974   |  0.8601 |   1.0000  |
|  epoch 92 |   1.1203   |   0.2228   |  0.8975 |   1.0000  |
|  epoch 93 |   1.0848   |   0.2077   |  0.8771 |   1.0000  |
|  epoch 94 |   1.1718   |   0.2098   |  0.9620 |   1.0000  |
|  epoch 95 |   1.0147   |   0.2078   |  0.8069 |   1.0000  |
|  epoch 96 |   1.1275   |   0.2063   |  0.9213 |   1.0000  |
|  epoch 97 |   1.2832   |   0.2288   |  1.0543 |   1.0000  |
|  epoch 98 |   1.0250   |   0.2095   |  0.8155 |   1.0000  |
|  epoch 99 |   1.0952   |   0.2236   |  0.8716 |   1.0000  |
| epoch 100 |   1.0497   |   0.2163   |  0.8334 |   1.0000  |
+-----------+------------+------------+---------+-----------+