+-----------+------------+------------+---------+-----------+
|  # Epoch  | Train_loss | Model_loss | DA_loss | Lambda_DA |
+-----------+------------+------------+---------+-----------+
|  epoch 1  |   0.4187   |   0.4187   |  0.0000 |   0.0000  |
|  epoch 2  |   0.2901   |   0.2901   |  0.0000 |   0.0000  |
|  epoch 3  |   0.2431   |   0.2431   |  0.0000 |   0.0000  |
|  epoch 4  |   0.2150   |   0.2150   |  0.0000 |   0.0000  |
|  epoch 5  |   0.1976   |   0.1976   |  0.0000 |   0.0000  |
|  epoch 6  |   0.1756   |   0.1756   |  0.0000 |   0.0000  |
|  epoch 7  |   0.1671   |   0.1671   |  0.0000 |   0.0000  |
|  epoch 8  |   0.1478   |   0.1478   |  0.0000 |   0.0000  |
|  epoch 9  |   0.1373   |   0.1373   |  0.0000 |   0.0000  |
|  epoch 10 |   1.5479   |   0.1899   |  1.3579 |   1.0000  |
|  epoch 11 |   1.5288   |   0.1614   |  1.3674 |   1.0000  |
|  epoch 12 |   1.5171   |   0.1466   |  1.3705 |   1.0000  |
|  epoch 13 |   1.5002   |   0.1379   |  1.3623 |   1.0000  |
|  epoch 14 |   1.4925   |   0.1248   |  1.3677 |   1.0000  |
|  epoch 15 |   1.4836   |   0.1237   |  1.3599 |   1.0000  |
|  epoch 16 |   1.4819   |   0.1122   |  1.3697 |   1.0000  |
|  epoch 17 |   1.4553   |   0.1083   |  1.3469 |   1.0000  |
|  epoch 18 |   1.4523   |   0.1068   |  1.3454 |   1.0000  |
|  epoch 19 |   1.4713   |   0.1272   |  1.3442 |   1.0000  |
|  epoch 20 |   1.4683   |   0.1062   |  1.3621 |   1.0000  |
|  epoch 21 |   1.4396   |   0.0984   |  1.3412 |   1.0000  |
|  epoch 22 |   1.4170   |   0.1033   |  1.3138 |   1.0000  |
|  epoch 23 |   1.4773   |   0.1182   |  1.3591 |   1.0000  |
|  epoch 24 |   1.4039   |   0.0979   |  1.3061 |   1.0000  |
|  epoch 25 |   1.4301   |   0.1180   |  1.3121 |   1.0000  |
|  epoch 26 |   1.4257   |   0.1141   |  1.3115 |   1.0000  |
|  epoch 27 |   1.4157   |   0.1047   |  1.3110 |   1.0000  |
|  epoch 28 |   1.4215   |   0.1014   |  1.3201 |   1.0000  |
|  epoch 29 |   1.4232   |   0.1075   |  1.3157 |   1.0000  |
|  epoch 30 |   1.4430   |   0.1028   |  1.3402 |   1.0000  |
|  epoch 31 |   1.4551   |   0.1040   |  1.3511 |   1.0000  |
|  epoch 32 |   1.4270   |   0.1030   |  1.3241 |   1.0000  |
|  epoch 33 |   1.3451   |   0.1016   |  1.2435 |   1.0000  |
|  epoch 34 |   1.4195   |   0.1227   |  1.2969 |   1.0000  |
|  epoch 35 |   1.3679   |   0.1134   |  1.2545 |   1.0000  |
|  epoch 36 |   1.3488   |   0.1034   |  1.2454 |   1.0000  |
|  epoch 37 |   1.3112   |   0.0993   |  1.2119 |   1.0000  |
|  epoch 38 |   1.3088   |   0.1128   |  1.1960 |   1.0000  |
|  epoch 39 |   1.2950   |   0.1566   |  1.1384 |   1.0000  |
|  epoch 40 |   1.2555   |   0.1350   |  1.1206 |   1.0000  |
|  epoch 41 |   1.1914   |   0.1280   |  1.0635 |   1.0000  |
|  epoch 42 |   1.4443   |   0.1634   |  1.2808 |   1.0000  |
|  epoch 43 |   1.4441   |   0.1904   |  1.2537 |   1.0000  |
|  epoch 44 |   1.4363   |   0.1602   |  1.2761 |   1.0000  |
|  epoch 45 |   1.4026   |   0.1480   |  1.2546 |   1.0000  |
|  epoch 46 |   1.4456   |   0.1492   |  1.2965 |   1.0000  |
|  epoch 47 |   1.3993   |   0.1593   |  1.2400 |   1.0000  |
|  epoch 48 |   1.3000   |   0.1336   |  1.1664 |   1.0000  |
|  epoch 49 |   1.3575   |   0.1279   |  1.2295 |   1.0000  |
|  epoch 50 |   1.3726   |   0.1240   |  1.2486 |   1.0000  |
|  epoch 51 |   1.1738   |   0.1351   |  1.0387 |   1.0000  |
|  epoch 52 |   1.3956   |   0.1260   |  1.2696 |   1.0000  |
|  epoch 53 |   1.3038   |   0.1442   |  1.1597 |   1.0000  |
|  epoch 54 |   1.2947   |   0.1280   |  1.1667 |   1.0000  |
|  epoch 55 |   1.4480   |   0.1425   |  1.3054 |   1.0000  |
|  epoch 56 |   1.3991   |   0.1360   |  1.2631 |   1.0000  |
|  epoch 57 |   1.4080   |   0.1236   |  1.2844 |   1.0000  |
|  epoch 58 |   1.3420   |   0.1289   |  1.2132 |   1.0000  |
|  epoch 59 |   1.4131   |   0.1303   |  1.2829 |   1.0000  |
|  epoch 60 |   1.4459   |   0.1215   |  1.3244 |   1.0000  |
|  epoch 61 |   1.3628   |   0.1263   |  1.2364 |   1.0000  |
|  epoch 62 |   1.3038   |   0.1209   |  1.1829 |   1.0000  |
|  epoch 63 |   1.3291   |   0.1135   |  1.2156 |   1.0000  |
|  epoch 64 |   1.4656   |   0.1128   |  1.3528 |   1.0000  |
|  epoch 65 |   1.2749   |   0.1081   |  1.1668 |   1.0000  |
|  epoch 66 |   1.2749   |   0.1310   |  1.1438 |   1.0000  |
|  epoch 67 |   1.3276   |   0.1207   |  1.2069 |   1.0000  |
|  epoch 68 |   1.3626   |   0.1107   |  1.2519 |   1.0000  |
|  epoch 69 |   1.2819   |   0.1279   |  1.1541 |   1.0000  |
|  epoch 70 |   1.3837   |   0.1449   |  1.2388 |   1.0000  |
|  epoch 71 |   1.4705   |   0.1280   |  1.3426 |   1.0000  |
|  epoch 72 |   1.3187   |   0.1252   |  1.1935 |   1.0000  |
|  epoch 73 |   1.2778   |   0.1235   |  1.1543 |   1.0000  |
|  epoch 74 |   1.2467   |   0.1179   |  1.1288 |   1.0000  |
|  epoch 75 |   1.3216   |   0.1215   |  1.2001 |   1.0000  |
|  epoch 76 |   1.2050   |   0.1300   |  1.0750 |   1.0000  |
|  epoch 77 |   1.2572   |   0.1296   |  1.1276 |   1.0000  |
|  epoch 78 |   1.1863   |   0.1261   |  1.0602 |   1.0000  |
|  epoch 79 |   1.1556   |   0.1321   |  1.0235 |   1.0000  |
|  epoch 80 |   1.1997   |   0.1354   |  1.0643 |   1.0000  |
|  epoch 81 |   1.1425   |   0.1398   |  1.0027 |   1.0000  |
|  epoch 82 |   1.2489   |   0.1593   |  1.0896 |   1.0000  |
|  epoch 83 |   1.3309   |   0.1578   |  1.1732 |   1.0000  |
|  epoch 84 |   1.3780   |   0.1681   |  1.2099 |   1.0000  |
|  epoch 85 |   1.2728   |   0.1474   |  1.1254 |   1.0000  |
|  epoch 86 |   1.2013   |   0.1538   |  1.0476 |   1.0000  |
|  epoch 87 |   1.3416   |   0.1571   |  1.1845 |   1.0000  |
|  epoch 88 |   1.1601   |   0.1592   |  1.0009 |   1.0000  |
|  epoch 89 |   1.1080   |   0.1571   |  0.9509 |   1.0000  |
|  epoch 90 |   1.2140   |   0.1609   |  1.0531 |   1.0000  |
|  epoch 91 |   1.0931   |   0.1554   |  0.9377 |   1.0000  |
|  epoch 92 |   1.3411   |   0.1701   |  1.1710 |   1.0000  |
|  epoch 93 |   1.2905   |   0.1765   |  1.1139 |   1.0000  |
|  epoch 94 |   1.2832   |   0.1689   |  1.1142 |   1.0000  |
|  epoch 95 |   1.2440   |   0.1715   |  1.0725 |   1.0000  |
|  epoch 96 |   1.2213   |   0.1689   |  1.0524 |   1.0000  |
|  epoch 97 |   1.2784   |   0.1905   |  1.0879 |   1.0000  |
|  epoch 98 |   1.3179   |   0.1753   |  1.1426 |   1.0000  |
|  epoch 99 |   1.2750   |   0.1729   |  1.1021 |   1.0000  |
| epoch 100 |   1.1822   |   0.1668   |  1.0154 |   1.0000  |
+-----------+------------+------------+---------+-----------+