+-----------+------------+------------+---------+-----------+
|  # Epoch  | Train_loss | Model_loss | DA_loss | Lambda_DA |
+-----------+------------+------------+---------+-----------+
|  epoch 1  |   0.4215   |   0.4215   |  0.0000 |   0.0000  |
|  epoch 2  |   0.2999   |   0.2999   |  0.0000 |   0.0000  |
|  epoch 3  |   0.2468   |   0.2468   |  0.0000 |   0.0000  |
|  epoch 4  |   0.2205   |   0.2205   |  0.0000 |   0.0000  |
|  epoch 5  |   0.2004   |   0.2004   |  0.0000 |   0.0000  |
|  epoch 6  |   0.1810   |   0.1810   |  0.0000 |   0.0000  |
|  epoch 7  |   0.1670   |   0.1670   |  0.0000 |   0.0000  |
|  epoch 8  |   0.1535   |   0.1535   |  0.0000 |   0.0000  |
|  epoch 9  |   0.1424   |   0.1424   |  0.0000 |   0.0000  |
|  epoch 10 |   1.5516   |   0.1876   |  1.3640 |   1.0000  |
|  epoch 11 |   1.5405   |   0.1781   |  1.3624 |   1.0000  |
|  epoch 12 |   1.5155   |   0.1462   |  1.3693 |   1.0000  |
|  epoch 13 |   1.5111   |   0.1387   |  1.3724 |   1.0000  |
|  epoch 14 |   1.5038   |   0.1328   |  1.3709 |   1.0000  |
|  epoch 15 |   1.4846   |   0.1240   |  1.3606 |   1.0000  |
|  epoch 16 |   1.4602   |   0.1224   |  1.3378 |   1.0000  |
|  epoch 17 |   1.4817   |   0.1170   |  1.3647 |   1.0000  |
|  epoch 18 |   1.4720   |   0.1217   |  1.3503 |   1.0000  |
|  epoch 19 |   1.4813   |   0.1186   |  1.3627 |   1.0000  |
|  epoch 20 |   1.4525   |   0.1069   |  1.3455 |   1.0000  |
|  epoch 21 |   1.4362   |   0.1066   |  1.3296 |   1.0000  |
|  epoch 22 |   1.4230   |   0.1040   |  1.3190 |   1.0000  |
|  epoch 23 |   1.4200   |   0.1184   |  1.3016 |   1.0000  |
|  epoch 24 |   1.4283   |   0.1050   |  1.3234 |   1.0000  |
|  epoch 25 |   1.4499   |   0.1039   |  1.3460 |   1.0000  |
|  epoch 26 |   1.4519   |   0.1017   |  1.3502 |   1.0000  |
|  epoch 27 |   1.3477   |   0.1076   |  1.2402 |   1.0000  |
|  epoch 28 |   1.3544   |   0.1312   |  1.2232 |   1.0000  |
|  epoch 29 |   1.4288   |   0.1447   |  1.2840 |   1.0000  |
|  epoch 30 |   1.4849   |   0.1277   |  1.3572 |   1.0000  |
|  epoch 31 |   1.3388   |   0.1065   |  1.2323 |   1.0000  |
|  epoch 32 |   1.4054   |   0.1054   |  1.3000 |   1.0000  |
|  epoch 33 |   1.3779   |   0.1110   |  1.2669 |   1.0000  |
|  epoch 34 |   1.3919   |   0.1017   |  1.2902 |   1.0000  |
|  epoch 35 |   1.3811   |   0.1254   |  1.2556 |   1.0000  |
|  epoch 36 |   1.3601   |   0.1063   |  1.2538 |   1.0000  |
|  epoch 37 |   1.3858   |   0.1111   |  1.2747 |   1.0000  |
|  epoch 38 |   1.3849   |   0.1286   |  1.2563 |   1.0000  |
|  epoch 39 |   1.4425   |   0.1296   |  1.3129 |   1.0000  |
|  epoch 40 |   1.3921   |   0.1197   |  1.2724 |   1.0000  |
|  epoch 41 |   1.4362   |   0.1208   |  1.3154 |   1.0000  |
|  epoch 42 |   1.3602   |   0.1018   |  1.2584 |   1.0000  |
|  epoch 43 |   1.3415   |   0.1007   |  1.2409 |   1.0000  |
|  epoch 44 |   1.2762   |   0.1134   |  1.1628 |   1.0000  |
|  epoch 45 |   1.3955   |   0.1253   |  1.2701 |   1.0000  |
|  epoch 46 |   1.3773   |   0.1264   |  1.2509 |   1.0000  |
|  epoch 47 |   1.3324   |   0.1158   |  1.2167 |   1.0000  |
|  epoch 48 |   1.4026   |   0.1214   |  1.2812 |   1.0000  |
|  epoch 49 |   1.3953   |   0.1390   |  1.2563 |   1.0000  |
|  epoch 50 |   1.3761   |   0.1210   |  1.2551 |   1.0000  |
|  epoch 51 |   1.2475   |   0.1192   |  1.1283 |   1.0000  |
|  epoch 52 |   1.3056   |   0.1192   |  1.1864 |   1.0000  |
|  epoch 53 |   1.4058   |   0.1228   |  1.2829 |   1.0000  |
|  epoch 54 |   1.4141   |   0.1193   |  1.2948 |   1.0000  |
|  epoch 55 |   1.3863   |   0.1112   |  1.2751 |   1.0000  |
|  epoch 56 |   1.4091   |   0.1175   |  1.2916 |   1.0000  |
|  epoch 57 |   1.3725   |   0.1184   |  1.2542 |   1.0000  |
|  epoch 58 |   1.3446   |   0.1310   |  1.2136 |   1.0000  |
|  epoch 59 |   1.3443   |   0.1317   |  1.2126 |   1.0000  |
|  epoch 60 |   1.1993   |   0.1559   |  1.0434 |   1.0000  |
|  epoch 61 |   1.2943   |   0.1762   |  1.1181 |   1.0000  |
|  epoch 62 |   1.1160   |   0.1747   |  0.9412 |   1.0000  |
|  epoch 63 |   1.0705   |   0.1626   |  0.9079 |   1.0000  |
|  epoch 64 |   1.2691   |   0.1697   |  1.0994 |   1.0000  |
|  epoch 65 |   1.3282   |   0.1594   |  1.1688 |   1.0000  |
|  epoch 66 |   1.1839   |   0.1894   |  0.9945 |   1.0000  |
|  epoch 67 |   1.4342   |   0.1950   |  1.2392 |   1.0000  |
|  epoch 68 |   1.3963   |   0.1791   |  1.2172 |   1.0000  |
|  epoch 69 |   1.2742   |   0.1699   |  1.1043 |   1.0000  |
|  epoch 70 |   1.1660   |   0.1720   |  0.9940 |   1.0000  |
|  epoch 71 |   1.0241   |   0.1707   |  0.8535 |   1.0000  |
|  epoch 72 |   1.0977   |   0.1706   |  0.9270 |   1.0000  |
|  epoch 73 |   1.1468   |   0.1895   |  0.9573 |   1.0000  |
|  epoch 74 |   0.9867   |   0.1921   |  0.7946 |   1.0000  |
|  epoch 75 |   1.1907   |   0.2280   |  0.9628 |   1.0000  |
|  epoch 76 |   1.2444   |   0.2427   |  1.0017 |   1.0000  |
|  epoch 77 |   1.3553   |   0.2588   |  1.0965 |   1.0000  |
|  epoch 78 |   1.2591   |   0.2689   |  0.9902 |   1.0000  |
|  epoch 79 |   1.2016   |   0.2340   |  0.9676 |   1.0000  |
|  epoch 80 |   1.1916   |   0.2275   |  0.9642 |   1.0000  |
|  epoch 81 |   1.1931   |   0.2415   |  0.9517 |   1.0000  |
|  epoch 82 |   1.4552   |   0.2537   |  1.2015 |   1.0000  |
|  epoch 83 |   1.0823   |   0.2256   |  0.8567 |   1.0000  |
|  epoch 84 |   1.1994   |   0.2348   |  0.9646 |   1.0000  |
|  epoch 85 |   0.9518   |   0.2187   |  0.7331 |   1.0000  |
|  epoch 86 |   0.8835   |   0.2075   |  0.6760 |   1.0000  |
|  epoch 87 |   1.1950   |   0.2208   |  0.9742 |   1.0000  |
|  epoch 88 |   1.1389   |   0.2417   |  0.8972 |   1.0000  |
|  epoch 89 |   1.3756   |   0.2340   |  1.1416 |   1.0000  |
|  epoch 90 |   1.4994   |   0.2382   |  1.2612 |   1.0000  |
|  epoch 91 |   1.0269   |   0.2264   |  0.8006 |   1.0000  |
|  epoch 92 |   1.1169   |   0.2533   |  0.8636 |   1.0000  |
|  epoch 93 |   0.9957   |   0.2393   |  0.7564 |   1.0000  |
|  epoch 94 |   1.1654   |   0.2760   |  0.8894 |   1.0000  |
|  epoch 95 |   1.2865   |   0.2705   |  1.0159 |   1.0000  |
|  epoch 96 |   1.3397   |   0.2787   |  1.0610 |   1.0000  |
|  epoch 97 |   1.4521   |   0.2904   |  1.1617 |   1.0000  |
|  epoch 98 |   1.4455   |   0.2601   |  1.1854 |   1.0000  |
|  epoch 99 |   1.4084   |   0.2595   |  1.1489 |   1.0000  |
| epoch 100 |   1.2478   |   0.2442   |  1.0037 |   1.0000  |
+-----------+------------+------------+---------+-----------+